RegioNaam;VVD;Partij van de Arbeid;PVV;SP;CDA;Democraten 66;ChristenUnie;GROENLINKS;Staatkundig Gereformeerde Partij;Partij voor de Dieren;50PLUS;Piratenpartij;Partij voor Mens en Spirit;SOPN;Partij van de Toekomst;Democratisch Politiek Keerpunt DPK;Libertarische Partij;Nederland Lokaal;Liberaal Democratische Partij;Anti Europa Partij;Politieke Partij NXD
Aa en Hunze;0.28913229714845184;0.3710072206584261;0.06058010035491372;0.07954962672867458;0.052013217476441075;0.07159466405580713;0.014196548770040387;0.021050055072818503;0.00281483294578387;0.017745685962550484;0.012666748256027415;0.0017745685962550484;0.0024476808224207563;0.0012238404112103782;0.00042834414392363233;0.0011626483906498593;0.00024476808224207564;0.00018357606168155672;0.00012238404112103782;6.119202056051891e-05;0.0
Aalburg;0.23360924977006964;0.08697937196163448;0.10957824201813166;0.05373801077387991;0.11246879516489292;0.02404414662987781;0.11181185126790172;0.0064380501905137305;0.2308500854027066;0.013401655498620418;0.013664433057416896;0.0011824990145841545;0.00026277755879647877;0.0005255551175929575;0.0005255551175929575;0.0005255551175929575;0.00026277755879647877;0.00013138877939823938;0.0;0.0;0.0
Aalsmeer;0.45690632796552505;0.15003402132002722;0.09129054207303243;0.041222499432977996;0.08476978906781583;0.07518711726014969;0.035892492628713996;0.012361079609888864;0.007598094806078476;0.017350873213880697;0.020072578816058062;0.002154683601723747;0.0013608528010886822;0.0010773418008618735;0.0012474484009979588;0.0010206396008165116;0.0002835110002268088;0.0;0.00017010660013608528;0.0;0.0
Aalten;0.21945843828715364;0.23476070528967255;0.07405541561712846;0.12078085642317381;0.19263224181360203;0.05591939546599496;0.044710327455919394;0.016246851385390428;0.005856423173803527;0.01234256926952141;0.016561712846347606;0.0018261964735516373;0.00163727959697733;0.0014483627204030227;0.0005667506297229219;0.0005037783375314861;0.0001889168765743073;0.00031486146095717883;0.0001889168765743073;0.0;0.0
Achtkarspelen;0.14937147255002564;0.29643406875320677;0.09383016931759877;0.08664699846074911;0.17701385325808106;0.027770651616213442;0.11614930733709594;0.008530015392508979;0.017444843509492047;0.010582349923037455;0.009235505387378143;0.002052334530528476;0.001090302719343253;0.001090302719343253;0.0008337609030271934;0.0006413545407901488;0.0008978963571062083;0.00019240636223704464;6.413545407901488e-05;0.00012827090815802975;0.0
Alblasserdam;0.2;0.2182312925170068;0.09705215419501134;0.06421768707482993;0.083718820861678;0.0380952380952381;0.09215419501133787;0.009160997732426304;0.15972789115646258;0.014331065759637189;0.017596371882086168;0.0025396825396825397;0.00036281179138321996;0.00036281179138321996;0.000997732426303855;0.00045351473922902497;0.0005442176870748299;9.070294784580499e-05;9.070294784580499e-05;0.00027210884353741496;0.0
Albrandswaard;0.3724317478187447;0.18406980016887137;0.13587109484942303;0.0648747537292429;0.07374050098508303;0.0648747537292429;0.0242752603433718;0.013368983957219251;0.014424430059104982;0.02216436813960034;0.020405291303124122;0.0026034337179848014;0.0021812552772305094;0.001336898395721925;0.0007739938080495357;0.0008443568815085843;0.00028145229383619476;0.0012665353222628764;7.036307345904869e-05;0.00014072614691809738;0.0
Alkmaar;0.23914770942287436;0.30615563727754885;0.08861086984643246;0.11422393879474434;0.05370243749191507;0.08776079685103395;0.012695655387799605;0.03143422098201911;0.0014599079703583242;0.02766433204590394;0.024208600521131707;0.004028606804279933;0.0034926912202243453;0.001829504924879419;0.0009055125385766821;0.0011087908635632842;0.0006837543658640252;0.0001478387818084379;0.00035111710679504;0.00038807680224714947;0.0
Almelo;0.21767567567567567;0.2903783783783784;0.12586486486486487;0.11245945945945945;0.10105405405405406;0.057594594594594595;0.03221621621621622;0.014297297297297297;0.004891891891891892;0.01454054054054054;0.01854054054054054;0.002864864864864865;0.002081081081081081;0.002;0.0007837837837837838;0.0013513513513513514;0.00045945945945945947;0.0003243243243243243;0.0003243243243243243;0.0002972972972972973;0.0
Almere;0.284494780881545;0.2868824747496091;0.13873980475848371;0.09559227485948527;0.027215484089084224;0.06511220048176478;0.018478214934708193;0.0192811562354731;0.0027363394328698814;0.023855808646410008;0.024373494485061067;0.004912732958627393;0.0021130034230655453;0.0020813083717195623;0.0014579723619152264;0.0012044119511473608;0.0005176858386510586;0.0002535604107678654;0.0003169505134598318;0.00038034061615179816;0.0
Alphen aan den Rijn;0.32775815250042056;0.2189940643548891;0.09256722658784515;0.07293393891332035;0.07764400547905703;0.0866556124288083;0.03984331819383366;0.020666618604762935;0.014586787782664071;0.019705380530122798;0.018648018648018648;0.0038209213466945426;0.0017061975824862422;0.0015860428231562252;0.0010813928339701536;0.0007689904597121092;0.000408526181722058;0.00016821666306202388;0.00024030951866003413;0.00021627856679403071;0.0
Alphen-Chaam;0.38543273350471297;0.1581833761782348;0.0832904884318766;0.09374464438731792;0.15047129391602398;0.06563838903170523;0.002570694087403599;0.014053127677806341;0.0006855184233076263;0.014224507283633248;0.022450728363324766;0.0013710368466152527;0.003084832904884319;0.001199657240788346;0.0013710368466152527;0.0010282776349614395;0.00034275921165381317;0.00034275921165381317;0.0;0.0005141388174807198;0.0
Ameland;0.29728867623604466;0.256140350877193;0.06124401913875598;0.07559808612440191;0.1543859649122807;0.0685805422647528;0.02073365231259968;0.022647527910685805;0.004465709728867623;0.014992025518341308;0.014354066985645933;0.003189792663476874;0.0035087719298245615;0.0012759170653907496;0.0003189792663476874;0.0003189792663476874;0.0;0.0006379585326953748;0.0;0.0003189792663476874;0.0
Amersfoort;0.26669430297287694;0.2555134430889494;0.07312566623238186;0.08126258438943504;0.06491768328793084;0.10459552291839394;0.060736704962690985;0.03651545659125903;0.010825535946938292;0.020170555489754827;0.01563425322752576;0.003517706976193296;0.0023214497216629162;0.0016108018476844723;0.0006514272178135734;0.0006277389553476252;0.0006632713490465474;0.0002131943621935331;0.00018950609972758498;0.0002131943621935331;0.0
Amstelveen;0.3513613350426979;0.2342191608178875;0.06983768279698399;0.06451402620542795;0.056213467764716106;0.12633363029921124;0.013971882401512353;0.025814302166402295;0.0033028400078225157;0.023771756372091002;0.021555376893157473;0.0037156950088003305;0.0019773581625779535;0.0008691684231111884;0.0008257100019556289;0.0004780426327111536;0.000673605527911171;0.00010864605288889855;0.0002607505269333565;0.0001955628952000174;0.0
Amsterdam;0.19438650212188782;0.3591796052158366;0.06087197772274684;0.09221991594652637;0.021879078083416395;0.1515762595176687;0.008030292132060543;0.05414924115537562;0.0013846217079912452;0.03119380593717568;0.013463455234846227;0.005302150659172412;0.0018007788818216381;0.0013846217079912452;0.0011148902064345091;0.00047010347414174007;0.0007167151327078987;0.00017468325815102908;0.0003467976448586607;0.000195234229698209;0.00015927002949064418
Apeldoorn;0.2621356057477011;0.26414643159931306;0.08156344427295059;0.08481337362231256;0.08488945892480598;0.08050911936697028;0.04195560966065955;0.021401708658507424;0.032031912349731524;0.01927132018869155;0.018216995282711246;0.002717332231908002;0.0022390817590921936;0.001413012760592161;0.0009021543009934567;0.0005543357753092324;0.0004456424860329123;0.0001413012760592161;0.00023912523640790418;0.0004130344992500163;0.0
Appingedam;0.14775607574176233;0.3980915461458178;0.09169524377516028;0.12971522290144624;0.094379007007604;0.04130013418816162;0.04189652601759356;0.012524228418070672;0.0026837632324437154;0.014760697778440435;0.016400775309378262;0.002981959147159684;0.000745489786789921;0.0026837632324437154;0.0001490979573579842;0.0005963918294319368;0.0;0.0005963918294319368;0.0001490979573579842;0.0008945877441479052;0.0
Arnhem;0.19767065674538983;0.31821914740064206;0.08784809496553268;0.12868626035885822;0.04608914217455143;0.10589055073040839;0.018453077171938382;0.04020356867331956;0.002799691411791056;0.027461861981434934;0.01584003185426673;0.004093770997685589;0.0028121344847323493;0.0013936241694248812;0.0008959012517731379;0.0005848244282407984;0.00048527984471044967;0.0001368738023542294;0.0002737476047084588;0.00016175994823681658;0.0
Assen;0.1923365501539417;0.35541124421101655;0.06380171276292981;0.10152389330159634;0.07308995886264262;0.06763085043077799;0.0796874595741378;0.02256086517813252;0.007839383198364854;0.01614447232930584;0.01122868748544669;0.002406147318310005;0.0017334609712555949;0.0021215492484023698;0.0008279216579131199;0.000646813795244625;0.00020698041447827999;0.00025872551809785;0.00031047062171742;0.000232852966288065;0.0
Asten;0.33231458842705786;0.16625916870415647;0.10044824775876121;0.12836185819070906;0.1419111654441728;0.06988590057049715;0.002954360228198859;0.013753056234718826;0.0009168704156479218;0.010900570497147514;0.024246128769356154;0.0025468622656886716;0.0016299918500407497;0.0008149959250203749;0.0014262428687856561;0.0010187449062754685;0.0003056234718826406;0.00010187449062754686;0.0;0.00020374898125509371;0.0
Baarle-Nassau;0.33821181479510376;0.15433741351782862;0.11921234699308142;0.10484300159659393;0.1490154337413518;0.05481639169771155;0.006918573709419904;0.014369345396487493;0.0010643959552953698;0.018893028206492815;0.030867482703565728;0.002927088877062267;0.0010643959552953698;0.0010643959552953698;0.0013304949441192123;0.0005321979776476849;0.0;0.0;0.00026609898882384245;0.00026609898882384245;0.0
Baarn;0.35361921097770155;0.19828473413379075;0.07732418524871355;0.05941680960548885;0.07732418524871355;0.10771869639794168;0.036843910806174954;0.0292967409948542;0.011526586620926243;0.021543739279588338;0.017427101200686107;0.003567753001715266;0.0019897084048027445;0.0014408233276157804;0.000548885077186964;0.000548885077186964;0.0010291595197255575;6.86106346483705e-05;0.000137221269296741;0.00034305317324185246;0.0
Barendrecht;0.33407071350905476;0.19234374414157698;0.12665441865696825;0.06051516628547861;0.07704997937835102;0.06370214840088485;0.035769187507030106;0.014960068988789321;0.0465299388849312;0.02095909414720108;0.020921600239961008;0.0020996588054441154;0.0013497806606426455;0.0010498294027220577;0.0003749390724007349;0.0007123842375613963;0.0003749390724007349;0.0002624573506805144;0.00014997562896029395;0.00014997562896029395;0.0
Barneveld;0.27779312037804166;0.08355580103715977;0.07625272331154684;0.03587099941698119;0.14081438522200743;0.029365736905090676;0.10702997944091565;0.007364448126668508;0.2172205345361932;0.007364448126668508;0.011813802203197398;0.0014115192242781308;0.0009205560158335635;0.0006443892110834944;0.0007364448126668507;0.0007978152137224217;0.0003682224063334254;0.00033753720580563995;0.0001227408021111418;0.00021479640369449814;0.0
Bedum;0.1589829989278603;0.28901822637463626;0.04839944861387655;0.09189768724153775;0.15837034767958338;0.05559810078113034;0.12406187777607597;0.025884515239699802;0.01470362995864604;0.01516311839485373;0.012559350589676827;0.0021442793689692144;0.00045948843620768876;0.00045948843620768876;0.000765814060346148;0.0006126512482769183;0.00030632562413845916;0.00045948843620768876;0.00015316281206922958;0.0;0.0
Beek;0.24357553159326817;0.21324196311599314;0.1776680439383251;0.1236521213342739;0.10400080620780006;0.06923309483019248;0.003527159125264537;0.015116396251133729;0.0006046558500453492;0.016628035876247102;0.0233800262017535;0.0033256071752494204;0.002015519500151164;0.0019147435251436057;0.0007054318250529074;0.0008062078000604656;0.000503879875037791;0.0;0.0001007759750075582;0.0;0.0
Beemster;0.44210333455478196;0.19695859289116893;0.07511909124221326;0.06302674972517405;0.080432392817882;0.07511909124221326;0.004946866984243312;0.02015390252839868;0.002015390252839868;0.019237816049835106;0.013374862587028215;0.0023818248442652986;0.001282521069989007;0.00036643459142543056;0.0009160864785635764;0.0021986075485525836;0.00018321729571271528;0.00018321729571271528;0.0;0.0;0.0
Beesel;0.23689449236894491;0.2083609820836098;0.20278699402786993;0.12793629727936298;0.10590577305905773;0.05321831453218315;0.00291970802919708;0.013669542136695422;0.00053085600530856;0.013934970139349702;0.024684804246848043;0.00252156602521566;0.0030524220305242203;0.0011944260119442602;0.00053085600530856;0.00106171201061712;0.00026542800265428;0.00026542800265428;0.0;0.00026542800265428;0.0
Bellingwedde;0.1796677500902853;0.38208739617190324;0.11285662694113398;0.14463705308775732;0.043878656554712896;0.0390032502708559;0.02564102564102564;0.013542795232936078;0.005236547490068617;0.027446731672083786;0.013723365836041893;0.0021668472372697724;0.00288912964969303;0.0010834236186348862;0.001444564824846515;0.0;0.0010834236186348862;0.0034308414590104733;0.00018057060310581438;0.0;0.0
Bergambacht;0.3204733344140055;0.18203922840006484;0.07926730426325174;0.046847138920408496;0.08445453071810666;0.050737558761549686;0.05868049927054628;0.009239747122710326;0.13324687955908576;0.015399578537850542;0.014751175230993677;0.00129680661371373;0.0009726049602852974;0.0004863024801426487;0.0004863024801426487;0.0009726049602852974;0.0003242016534284325;0.0003242016534284325;0.0;0.0;0.0
Bergeijk;0.3162361623616236;0.1572878228782288;0.11033210332103321;0.12804428044280441;0.16863468634686346;0.05830258302583026;0.004428044280442804;0.011439114391143911;0.0009225092250922509;0.013099630996309963;0.023616236162361623;0.002029520295202952;0.0011992619926199262;0.0016605166051660517;0.001014760147601476;0.001107011070110701;0.00018450184501845018;9.225092250922509e-05;0.00027675276752767527;9.225092250922509e-05;0.0
Bergen;0.24174336762317272;0.16580942068218732;0.15579317812669194;0.20804006497022198;0.12520303194369248;0.04615592853275582;0.0031131564699512725;0.012181916621548458;0.0010828370330265296;0.011099079588521927;0.021521386031402273;0.0027070925825663237;0.0006767731456415809;0.001488900920411478;0.001488900920411478;0.001488900920411478;0.0001353546291283162;0.0;0.0;0.0002707092582566324;0.0
Bergen;0.3569594764661465;0.2212433929020891;0.07923483513717594;0.06765668260760131;0.07455323433173924;0.09796123835892273;0.0066448527561037;0.028643342562295494;0.001208155046564309;0.03020387616410773;0.02285426629750818;0.0031210672036244653;0.004882959979864082;0.002617669267556003;0.000956456078530078;0.0005033979360684622;0.00020135917442738486;0.0002516989680342311;0.00015101938082053864;0.00015101938082053864;0.0
Bergen op Zoom;0.27976477940967587;0.24513508138973325;0.1411323541944831;0.11445697565410073;0.06752649072469533;0.07462856168858839;0.007869094627993524;0.015539331268998039;0.0016476804636231925;0.018607425925399847;0.026050396295559785;0.0024999289792903613;0.0011647396380784637;0.00099428993494503;0.0011079230703673192;0.0007670236641004517;0.0004261242578335843;0.00045453254168915653;8.522485156671685e-05;0.00014204141927786143;0.0
Berkelland;0.27791301820295755;0.27602368927805837;0.0716854994005014;0.10562075355157505;0.13476001889328926;0.06659884460269593;0.011917305526287105;0.01446063292518984;0.0020346619191221886;0.011989972023398613;0.017912291537986413;0.0020709951676779422;0.0023253279075682158;0.002252661410456709;0.000690331722559314;0.0008356647167823275;0.0002179994913345202;0.0003996657341132871;3.633324855575337e-05;0.0002543327398902736;0.0
Bernheze;0.3166805275038612;0.17244861589640015;0.08512534157063087;0.1649043602233575;0.13841035998574314;0.06962100510870857;0.0026731614589521205;0.013365807294760603;0.0010692645835808483;0.0103362243079482;0.018355708684804562;0.0026731614589521205;0.001128668171557562;0.0009504574076274207;0.0008316502316739931;0.0009504574076274207;0.00035642152786028277;0.0;5.940358797671379e-05;5.940358797671379e-05;0.0
Bernisse;0.34833685322069696;0.1863780359028511;0.1421594508975713;0.07299366420274551;0.09516895459345301;0.0501583949313622;0.03299894403379092;0.01253959873284055;0.012407602956705385;0.016631467793030624;0.02191129883843717;0.0032998944033790917;0.0021119324181626186;0.00039598732840549105;0.0014519535374868005;0.0005279831045406547;0.0;0.00039598732840549105;0.0;0.00013199577613516366;0.0
Best;0.3120141991553951;0.20521451741232632;0.096578737988861;0.12289613807454557;0.09272293286002815;0.07448436256808862;0.016341269355529715;0.014443968419119897;0.0017136911683701573;0.013831935858987699;0.04174062060101597;0.0031213660566742152;0.0009792520962115185;0.0014688781443172776;0.0009792520962115185;0.0006120325601321991;0.00030601628006609954;0.00030601628006609954;0.0001836097680396597;6.12032560132199e-05;0.0
Beuningen;0.2916499933306656;0.24823262638388688;0.10364145658263306;0.1435907696411898;0.07409630518874216;0.07282913165266107;0.006069094304388422;0.015472855808990263;0.0014672535680939041;0.015272775776977457;0.020674936641323197;0.0029345071361878083;0.0011337868480725624;0.0008670134720554889;0.00040016006402561027;0.000533546752034147;0.0006669334400426837;0.00020008003201280514;0.00013338668800853674;0.00013338668800853674;0.0
Beverwijk;0.2701579786463114;0.2677907145272718;0.13304990579255035;0.09696120585535534;0.057780569109618825;0.06927870911638244;0.008937629837190202;0.022174984298758395;0.001835837480071501;0.026667954973670225;0.03198222136335089;0.004589593700178753;0.002415575631673028;0.002029083530605343;0.0010628532779361321;0.0015459684042707378;0.0007246726895019084;0.00043480361370114496;0.00019324605053384222;0.00038649210106768444;0.0
Binnenmaas;0.31079491345022686;0.2011652008290852;0.11444736989524397;0.06744720183743208;0.0920396616436054;0.05198588314380147;0.04509551285642261;0.011652008290852053;0.06268556383395889;0.020054898885216513;0.01546131869363061;0.002016693742647471;0.0016245588482437959;0.0008963083300655426;0.0007842697888073497;0.0010083468713237354;0.00039213489440367486;0.00011203854125819282;0.00011203854125819282;0.00022407708251638564;0.0
Bladel;0.3146127705240565;0.17313539617241996;0.1026649973171168;0.14988374172777677;0.1340547308173851;0.06036487211590055;0.0033983187265247718;0.012877839384725451;0.00026828832051511357;0.011894115542836701;0.027901985333571813;0.002235736004292613;0.0016097299230906814;0.0016991593632623859;0.001520300482918977;0.0007154355213736362;0.00017885888034340904;0.0005365766410302271;0.0003577177606868181;8.942944017170452e-05;0.0
Blaricum;0.4818803418803419;0.16854700854700855;0.06;0.05418803418803419;0.0652991452991453;0.09521367521367521;0.011282051282051283;0.011965811965811967;0.003931623931623932;0.01982905982905983;0.020512820512820513;0.0011965811965811966;0.0015384615384615385;0.002564102564102564;0.0006837606837606838;0.0003418803418803419;0.00017094017094017094;0.00017094017094017094;0.0005128205128205128;0.00017094017094017094;0.0
Bloemendaal;0.46278679350867374;0.16291270285394516;0.04015109121432568;0.035324566312255175;0.07610520425293789;0.14150811415780637;0.010282596530498041;0.02679071068830442;0.0021684387241186344;0.022104085058757696;0.013430330162283156;0.0020285394515948516;0.002238388360380526;0.0011891438164521545;0.00041969781757134864;6.994963626189144e-05;0.0002797985450475658;0.0;6.994963626189144e-05;0.0001398992725237829;0.0
Boarnsterhim;0.25350457483421474;0.3923444976076555;0.0520439855619911;0.08226307395282464;0.09116091664568118;0.06471921430370184;0.014270125073449174;0.014605892722236212;0.0028540250146898345;0.012591286829513977;0.01074456476118526;0.0019306639805254763;0.0034416184000671535;0.001091244858557878;0.000503651473180559;0.0006715352975740788;0.0005875933853773189;0.0004197095609837992;8.394191219675985e-05;0.0001678838243935197;0.0
Bodegraven-Reeuwijk;0.35985933182617436;0.13669932177844762;0.08173825671941723;0.04270283848279327;0.11986937955287616;0.06254709871891484;0.0630997236875157;0.01738256719417232;0.08038181361466969;0.013715146948003014;0.014971112785732228;0.0022104998744034163;0.0013062044712383823;0.0007535795026375283;0.0006028636021100226;0.0010550113036925397;0.00035167043456417983;0.0002009545340366742;0.0001004772670183371;0.000452147701582517;0.0
Boekel;0.30709931875224095;0.14861957690928648;0.09662961634994621;0.17013266403728936;0.1597346719254213;0.058085335245607744;0.0030476873431337396;0.010756543564001434;0.0005378271782000717;0.013266403728935103;0.023664395840803154;0.002509860164933668;0.0014342058085335247;0.0008963786303334528;0.002151308712800287;0.00017927572606669058;0.0005378271782000717;0.0005378271782000717;0.00017927572606669058;0.0;0.0
Bonaire;0.20846905537459284;0.2391810144253141;0.03257328990228013;0.056305258259655655;0.1931130758492322;0.11493718008375989;0.05165193113075849;0.02047463936714751;0.004187994416007445;0.027454630060493253;0.023266635644485806;0.0;0.0;0.0;0.0;0.0018613308515588647;0.003257328990228013;0.00604932526756631;0.0;0.0172173103769195;0.0
Borger-Odoorn;0.23218101822752985;0.3512884978001257;0.08680075424261471;0.09874292897548712;0.08277812696417347;0.04808296668761785;0.03588937774984287;0.015587680703959774;0.0056568196103079825;0.01684475172847266;0.014519170333123822;0.0029541169076052797;0.003016970458830924;0.003016970458830924;0.001005656819610308;0.0008799497171590194;0.00018856065367693276;0.00018856065367693276;0.0;0.0003771213073538655;0.0
Borne;0.2507317824680327;0.24310583885379758;0.07941765521491295;0.10360499152672932;0.18741334154983824;0.07533507934062549;0.012247727622862425;0.01455861962717609;0.001309505469111077;0.008781389616391928;0.014866738561084579;0.002619010938222154;0.0025419812047450317;0.001386535202588199;0.0003081189339084887;0.0012324757356339548;0.00023108920043136651;0.0003081189339084887;0.0;0.0;0.0
Borsele;0.23439969890854348;0.1888596161083929;0.0933383515242755;0.08370342491531803;0.11305984192698532;0.04636808430560783;0.029808054196462177;0.014904027098231088;0.15905156191193076;0.01580730146782085;0.01264584117425668;0.001881821603312006;0.0018065487391795258;0.001279638690252164;0.0009785472337222431;0.0006774557771923222;0.0003763643206624012;0.000602182913059842;0.00045163718479488145;0.0;0.0
Boskoop;0.362089914945322;0.1641444824919916;0.08737435104385287;0.05280017673699326;0.107920026510549;0.07279354909974595;0.04882359438860046;0.018446923671711035;0.039434441621561914;0.017563238705401524;0.017231856843035458;0.002430133657351154;0.002540594278139843;0.00187783055340771;0.0014359880702529547;0.0013255274494642659;0.00022092124157737766;0.00033138186236606647;0.0006627637247321329;0.0005523031039434442;0.0
Boxmeer;0.24416726989253298;0.14739128013809233;0.07015980845258644;0.31594186758728215;0.12005122779664792;0.05646194108803385;0.004287543849880283;0.012862631549640848;0.0008352358149117434;0.00885349963806448;0.012806949161980066;0.0016704716298234867;0.001002282977894092;0.0018932011804666184;0.000501141488947046;0.00033409432596469735;0.000556823876607829;0.0;0.00011136477532156579;0.00011136477532156579;0.0
Boxtel;0.2599188855581026;0.24316698994886263;0.09022512196555575;0.1576441544701111;0.08999000764121554;0.08487627108681596;0.005877858108505261;0.02098395344736378;0.0008816787162757891;0.014459530946922941;0.023864103920531357;0.003585493446188209;0.0015282431082113677;0.0008816787162757891;0.0011755716217010522;0.00023511432434021042;0.00029389290542526306;0.00023511432434021042;0.00011755716217010521;5.8778581085052606e-05;0.0
Breda;0.3062282669080883;0.23767000678998373;0.09043023806094524;0.11308409291989877;0.06492664759984362;0.10826937717330919;0.006450484557930907;0.023816382378963396;0.0013991481656756035;0.018312380403695396;0.01893993950741754;0.004228308059504949;0.0025822513940042388;0.001368284603197465;0.0007818769161128372;0.0006172712495627663;0.00040122631221579805;0.00013374210407193267;0.00026748420814386533;9.259068743441493e-05;0.0
Brielle;0.35619007919966655;0.19737390579408087;0.13995414756148394;0.09420591913297208;0.06408920383493122;0.06502709462275948;0.011879949979157983;0.01385994164235098;0.0035431429762401;0.020737807419758232;0.024385160483534805;0.0022926219258024177;0.0013547311379741558;0.001563151313047103;0.001563151313047103;0.0007294706127553147;0.0003126302626094206;0.00020842017507294707;0.00020842017507294707;0.0005210504376823677;0.0
Bronckhorst;0.30477388024107877;0.24762606772752893;0.06868143780080649;0.0895373542037029;0.14325976672592464;0.06963534665915103;0.017950830334301695;0.016043012617612627;0.008325022763734119;0.014351992368729133;0.013354724016823484;0.001257425313272341;0.002514850626544682;0.0012140658197112258;0.0005636734162944977;0.00043359493561115207;0.00017343797424446082;8.671898712223041e-05;0.00017343797424446082;4.3359493561115205e-05;0.0
Brummen;0.2790752909508352;0.3081307893278442;0.09072915841976091;0.09278758609769615;0.07552846172116222;0.07529095083524662;0.013379779906579051;0.019950914416910773;0.0031668118122080593;0.017496635262449527;0.01646742142348191;0.0020584276779352386;0.0026917900403768506;0.0009500435436624178;0.0005541920671364104;0.0007125326577468134;0.0004750217718312089;7.917029530520149e-05;0.00023751088591560446;0.00023751088591560446;0.0
Brunssum;0.1533566656061088;0.24307986000636334;0.2407890550429526;0.16983773464842508;0.06808781419026408;0.04320712694877506;0.01234489341393573;0.01279032771237671;0.001145402481705377;0.020617244670696786;0.023608017817371936;0.002545338848234171;0.002545338848234171;0.0026089723194400254;0.001145402481705377;0.001145402481705377;0.0003181673560292714;0.0003818008272351257;0.00019090041361756284;0.0002545338848234171;0.0
Bunnik;0.3144849785407725;0.21244635193133046;0.05783261802575107;0.05536480686695279;0.1128755364806867;0.11630901287553648;0.022210300429184548;0.050643776824034335;0.01427038626609442;0.017811158798283263;0.018562231759656652;0.0023605150214592273;0.0022532188841201716;0.0006437768240343348;0.0009656652360515021;0.000536480686695279;0.0003218884120171674;0.0;0.00010729613733905579;0.0;0.0
Bunschoten;0.2826890756302521;0.06487394957983193;0.0784873949579832;0.025210084033613446;0.14890756302521008;0.017058823529411765;0.2856302521008403;0.0031932773109243696;0.07453781512605041;0.006050420168067227;0.008571428571428572;0.001176470588235294;0.0010084033613445378;0.0003361344537815126;0.0009243697478991597;0.0010084033613445378;8.403361344537815e-05;0.0;8.403361344537815e-05;0.0001680672268907563;0.0
Buren;0.35523036615758197;0.20339957824781135;0.1244807974950476;0.05757556393379769;0.06684133171448654;0.0649242763115854;0.023004664834813726;0.013355485973544636;0.04984344047542974;0.017700811553453894;0.017573007859927152;0.0021726627899546296;0.000830724007923829;0.000830724007923829;0.0013419387820308008;0.0003195092338168573;0.0003195092338168573;6.390184676337147e-05;6.390184676337147e-05;0.00012780369352674293;0.0
Bussum;0.3967337079241716;0.2014388489208633;0.06180748831591661;0.053562989024838525;0.059969542614083916;0.12918132647166938;0.01496612928635194;0.02594129076301003;0.004095993278370005;0.0264664181063908;0.016646536785170404;0.003623378669327312;0.00225804757653731;0.0012077928897757707;0.0005251273433807698;0.0005776400777188468;0.0003675891403665389;0.0002625636716903849;0.0003150764060284619;5.251273433807698e-05;0.0
Capelle aan den IJssel;0.2652355362451406;0.23576492110679168;0.13414703864623828;0.07963640521381203;0.05082323347816144;0.06508689686713927;0.040018294077292474;0.0138348959524354;0.05545392179281958;0.025011433798307798;0.025440201234850218;0.0033158015092613767;0.00228675966155957;0.0014006402927052367;0.0006574434026983764;0.0008003658815458495;0.0004287674365424194;0.00025726046192545165;0.000228675966155957;0.00017150697461696776;0.0
Castricum;0.34620380739081746;0.23435610302351623;0.06347144456886898;0.07789473684210527;0.0889585666293393;0.09809630459126539;0.007435610302351623;0.02956326987681971;0.001433370660694289;0.022665173572228442;0.018275475923852185;0.003135498320268757;0.003001119820828667;0.0009406494960806271;0.0007166853303471445;0.0008062709966405376;0.0002687569988801792;0.0025979843225083987;8.958566629339306e-05;8.958566629339306e-05;0.0
Coevorden;0.27370387669313406;0.3120504437178888;0.08776272769733769;0.08468005604857544;0.11503970107426437;0.05095749649696404;0.02223260158804297;0.01373190098085007;0.0059318075665576835;0.012517515179822513;0.01391872956562354;0.0018215787015413358;0.0018682858477347033;0.0015413358243811302;0.0008407286314806165;0.0006539000467071462;0.0003269500233535731;4.6707146193367584e-05;0.00018682858477347034;0.00018682858477347034;0.0
Cranendonck;0.30398018448923814;0.1787666552784421;0.13238811069354287;0.14144174923129485;0.1203450632046464;0.0590194738640246;0.0032456440040997607;0.010847283908438674;0.0014519986334130509;0.01255551759480697;0.027331738981892725;0.003160232319781346;0.0010249402118209772;0.0014519986334130509;0.0012811752647762214;0.001110351896139392;0.00017082336863682952;0.0002562350529552443;0.00017082336863682952;0.0;0.0
Cromstrijen;0.33224346076458755;0.20787223340040242;0.10978370221327968;0.06375754527162977;0.07997987927565392;0.05696680080482897;0.031312877263581486;0.01056338028169014;0.0625;0.02112676056338028;0.017857142857142856;0.0013832997987927565;0.0012575452716297787;0.00025150905432595576;0.0012575452716297787;0.0005030181086519115;0.0007545271629778672;0.0;0.00025150905432595576;0.0003772635814889336;0.0
Cuijk;0.2493905062383479;0.2161910225154166;0.08877097375591568;0.22508246092069412;0.09888139968449734;0.06733113437544816;0.00286820593718629;0.01591854295138391;0.0004302308905779435;0.011544528897174817;0.016277068693532196;0.0024379750466083463;0.0013623978201634877;0.0007170514842965725;0.0010755772264448588;0.0007887566327262297;0.000573641187437258;0.00021511544528897175;0.0001434102968593145;0.0;0.0
Culemborg;0.27516607051609604;0.26552120592743994;0.10615738375063874;0.08137455288707204;0.0635539090444558;0.08642054164537558;0.021780786918753195;0.040304036791006644;0.010283597342871742;0.02120592743995912;0.018970362800204393;0.003321410321921308;0.00300204394481349;0.0004471129279509453;0.0010858456821665815;0.000510986203372509;0.0002554931016862545;0.0003832396525293817;0.00019161982626469086;6.387327542156362e-05;0.0
Dalfsen;0.2644904178632128;0.19428002109828282;0.05673093828752271;0.0712653109066401;0.19697591279376428;0.05368340854480455;0.09769677079059955;0.013186426771376663;0.02379417452968411;0.009201195569360604;0.012776182382933833;0.0015823712125651996;0.0009963078005040145;0.0008790951180917776;0.0009963078005040145;0.0005274570708550666;0.00041024438844282954;0.0002930317060305925;5.86063412061185e-05;0.0001758190236183555;0.0
Dantumadiel;0.1206649982123704;0.2781551662495531;0.08687879871290669;0.09823024669288523;0.19333214158026457;0.02484805148373257;0.10618519842688595;0.008401859134787273;0.05979621022524133;0.010100107257776188;0.008491240614944584;0.0018770110833035395;0.0009831962817304254;0.0005362888809438684;0.0007150518412584912;0.0003575259206292456;0.0001787629603146228;0.0;8.93814801573114e-05;0.0001787629603146228;0.0
De Bilt;0.3300078760829614;0.20245283726512395;0.06424633387090725;0.06390878745827551;0.07456025203465476;0.11862881146157597;0.0308292390203653;0.036567528035104824;0.03101676480516071;0.02242808386153096;0.017702434084686646;0.002662866144094813;0.0025503506732175675;0.0010126392378952105;0.0005250721974271463;0.000300041255672655;0.000300041255672655;0.0001500206278363275;3.7505156959081875e-05;0.00011251547087724562;0.0
De Marne;0.1736441484300666;0.3074849349825563;0.07373929590865842;0.11909292737075801;0.11941008563273073;0.044560735807167774;0.07453219156359023;0.030130034887408817;0.010307643514113543;0.02521408182683159;0.013954963526799874;0.0020615287028227084;0.0017443704408499842;0.0011100539169045353;0.0006343165239454488;0.000792895654931811;0.0001585791309863622;0.0003171582619727244;0.0;0.0011100539169045353;0.0
De Ronde Venen;0.44845994315999693;0.14847530532298947;0.08195713956525079;0.043628542898840154;0.09105922113833628;0.08261003149243414;0.028573623166141794;0.018396190183577847;0.014862892695291497;0.01490129810277287;0.019164298333205314;0.0025731623012520163;0.0017666487441431753;0.0009217297795529611;0.0007681081496274675;0.0008449189645902143;0.00038405407481373376;0.00023043244488824027;0.00023043244488824027;0.00019202703740686688;0.0
De Wolden;0.3444161415739375;0.23280600616704653;0.06958037270411584;0.060262769808285294;0.13366403003083524;0.06522322027081379;0.03237699423515217;0.018300040219868616;0.008513205523528623;0.015685748759887385;0.010859364526075882;0.002010993430754793;0.002279125888188765;0.0015417616302453412;0.00046923180050945166;0.0010054967153773965;0.0005362649148679448;0.0002681324574339724;0.0001340662287169862;6.70331143584931e-05;0.0
Delft;0.21786567899432574;0.26805816562973234;0.09283146928424164;0.08310678903099857;0.054626065062307286;0.15240197777737233;0.026619715740115676;0.0438249192650842;0.005838457187688153;0.024120126256636683;0.01815395281796785;0.007006148625225784;0.0020799503731139045;0.0011312010801145798;0.0006203360761918663;0.0004926198252111879;0.0006750716123264428;0.00021894214453830574;0.00014596142969220384;0.0001824517871152548;0.0
Delfzijl;0.17559144354724465;0.36931576710582237;0.10058081881286302;0.11878453038674033;0.08747697974217311;0.03598243377248902;0.05121121971950701;0.011049723756906077;0.004604051565377533;0.01827454313642159;0.01841620626151013;0.004108230627567644;0.0009916418756197763;0.0012749681257968552;0.0006374840628984276;0.0004958209378098881;0.0005666525003541578;0.00021249468763280918;0.00014166312508853945;0.0002833262501770789;0.0
Den Helder;0.30546058091286304;0.2162655601659751;0.14336929460580913;0.09135269709543568;0.06595850622406639;0.053145228215767636;0.0336597510373444;0.012647302904564315;0.007734439834024896;0.024431535269709544;0.03389211618257262;0.003983402489626556;0.0020580912863070538;0.001892116182572614;0.0013609958506224065;0.0013278008298755186;0.0002987551867219917;0.0006307053941908714;0.00016597510373443983;0.0003651452282157676;0.0
Deurne;0.3220461898917773;0.17561084458328685;0.10710699542563874;0.1517906950797724;0.12942095280598015;0.05968983599241325;0.003402878500502064;0.011380118263974115;0.0010599129755662167;0.01004128082115363;0.020528840789914092;0.002398750418386701;0.0017851165904273123;0.0011714827624679236;0.0007809885083119491;0.0006694187214102421;0.0008925582952136561;5.578489345085351e-05;0.00016735468035256051;0.0;0.0
Deventer;0.2136290967226219;0.34083642177167356;0.0758847467480561;0.1005922534699513;0.06994404476418865;0.09654094905893466;0.023344960395320108;0.03310079209359785;0.002688758084441538;0.018748637453673424;0.015551195407310515;0.0033791148899062567;0.002034735847685488;0.001199040767386091;0.0007266913741733886;0.000763025942882058;0.0003270111183780249;0.00016350555918901244;0.0002906765496693554;0.000254341980960686;0.0
Diemen;0.264801023094862;0.30294139772812756;0.09899947340705635;0.09207853757616791;0.038441284886782515;0.09245467539306401;0.011961182577296321;0.0336267208305123;0.00105318588730911;0.026480102309486196;0.025652599112314753;0.0045136538027533285;0.0014293237042052208;0.001504551267584443;0.0012788685774467764;0.0012788685774467764;0.0007522756337922215;0.00022568269013766644;0.00030091025351688857;0.00022568269013766644;0.0
Dinkelland;0.3230884091333292;0.15802899272071175;0.08050768369315;0.07453493436197349;0.2609967025446401;0.054936850619050584;0.005599452497977975;0.00827474646923412;0.0016176196105269706;0.007777017358302744;0.01698500591053319;0.001368755055061283;0.001182106638462017;0.00223978099919119;0.00018664841659926586;0.0008710259441299073;0.00018664841659926586;0.0015554034716605488;0.0;6.221613886642194e-05;0.0
Dirksland;0.22969467172221114;0.14867291957693074;0.11295150668529236;0.06425863101177409;0.08501297146278187;0.022550389143883458;0.07004589902215126;0.006585511873877469;0.22570345240470963;0.011175414089004191;0.014567950508880463;0.002394731590500898;0.001995609658750748;0.000997804829375374;0.0013969267611255239;0.0013969267611255239;0.0;0.0;0.00019956096587507485;0.0003991219317501497;0.0
Doesburg;0.20500296033155713;0.31216696269982236;0.09709887507400829;0.1549733570159858;0.07297217288336294;0.07504440497335702;0.016873889875666074;0.019982238010657193;0.003256364712847839;0.018798105387803434;0.013617525162818236;0.003256364712847839;0.002220248667850799;0.0011841326228537595;0.0011841326228537595;0.0005920663114268798;0.0007400828892835998;0.00014801657785671994;0.0002960331557134399;0.0005920663114268798;0.0
Doetinchem;0.2372303153236216;0.31384842338189195;0.08952609256868892;0.11297559776261602;0.08593029688364374;0.07498924334624132;0.01862437765074682;0.01973077632306841;0.010357120904788247;0.016227180527383367;0.013338250660765874;0.0023357305304566966;0.0017825311942959;0.0011678652652283483;0.0005531993361607966;0.0006146659290675518;0.00012293318581351037;0.00024586637162702074;0.00012293318581351037;0.0002765996680803983;0.0
Dongen;0.2959233620026572;0.23459897909237115;0.10460806936577861;0.12768337878470037;0.0942591427172925;0.07370113978043494;0.010978253269002168;0.012027130969862247;0.0026571568421788687;0.015243689252499824;0.02111740437731627;0.0016782043213761275;0.001398503601146773;0.0004195510803440319;0.0012586532410320957;0.0012586532410320957;0.0004195510803440319;0.00034962590028669323;0.0002797007202293546;0.0001398503601146773;0.0
Dongeradeel;0.15209876543209877;0.2601058201058201;0.07308641975308643;0.101657848324515;0.2288536155202822;0.04148148148148148;0.08529100529100529;0.012204585537918871;0.0145326278659612;0.01291005291005291;0.010017636684303352;0.0016931216931216932;0.002328042328042328;0.0008465608465608466;0.0008465608465608466;0.0010582010582010583;0.0004938271604938272;7.054673721340387e-05;0.00021164021164021165;0.00021164021164021165;0.0
Dordrecht;0.22745977697806896;0.2654961511772395;0.12567979731147225;0.09669662885083996;0.06159730178966224;0.06687430406506689;0.04518534058450466;0.022883147481724143;0.03174270176061452;0.025432891700421192;0.022011715913308697;0.0032759371923765873;0.0016783126502816015;0.0012748721093485242;0.0007746058385915083;0.0007907434602288315;0.0005486791356689851;6.455048654929236e-05;0.00029047718947181566;0.00024206432455984637;0.0
Drechterland;0.38830205150589264;0.18629419467481448;0.08677433435181144;0.07341772151898734;0.10152771715408118;0.06765604539502401;0.0068092536010475775;0.01894369271060672;0.0014840680925360104;0.018332605848974247;0.03902226102138804;0.003753819292885203;0.0014840680925360104;0.002357049323439546;0.001396769969445657;0.001571366215626364;8.729812309035356e-05;0.00034919249236141424;0.00026189436927106065;0.00017459624618070712;0.0
Drimmelen;0.3272632334704001;0.20174923307878076;0.11879120161869329;0.11683310488871483;0.08870178186802428;0.07133999086221526;0.006200639644931793;0.014946805038835585;0.001892826838979179;0.015860583512825533;0.027543894001697017;0.0028718752039684093;0.002088636511977025;0.0015664773839827687;0.0011748580379870766;0.0006526989099928203;0.00019580967299784609;0.0;0.00013053978199856407;0.00019580967299784609;0.0
Dronten;0.3602829492687584;0.1709412836870199;0.09256607212602526;0.06791650392744;0.11426463568111792;0.059280475632513124;0.06375037972486221;0.016013539903658378;0.012541769734843554;0.013887080675259298;0.018617367530269498;0.002256650609729636;0.0023868419910601916;0.002820813262162045;0.0005207655253222236;0.0010415310506444472;0.00021698563555092653;0.00021698563555092653;0.0001301913813305559;0.00034717701688148243;0.0
