RegioNaam;CDA;Lijst Pim Fortuyn;VVD;Partij van de Arbeid;GL;SP;Democraten 66;ChristenUnie;Staatkundig Gereformeerde Partij;LN;Verenigde Senioren Partij;Vrije Indische Partij & OuderenUnie;Duurzaam Nederland;Partij van de Toekomst;Nieuwe Midden Partij;Republikeinse Volkspartij
Aa en Hunze;0.16080464025669505;0.11680858941132914;0.24349006540787363;0.27218314204615573;0.0702209058373442;0.046711094656300134;0.057879797605825005;0.009687769961742565;0.0016043440700974948;0.015179563124768604;0.003825743551770949;0.0008021720350487474;0.00030852770578797977;0.00037023324694557573;0.0001234110823151919;0.0
Aalburg;0.33966047319877024;0.14262799091030612;0.0876888116561957;0.05560753909905093;0.01844673172035824;0.028739473332442186;0.01550594840261997;0.08755513968720759;0.21039967918727442;0.010827429488036359;0.0009357037829167224;0.0005346878759524128;0.0;0.0012030477208929287;0.0002673439379762064;0.0
Aalsmeer;0.31215995647442873;0.18865614798694233;0.21123503808487487;0.10106093579978237;0.04032916213275299;0.03652067464635474;0.05202665941240479;0.024551142546245918;0.0042165397170837865;0.02060663764961915;0.006664853101196953;0.0;0.000544069640914037;0.0011561479869423286;0.0002720348204570185;0.0
Aalten;0.5085881140501546;0.09610099622122982;0.0934386808656819;0.12169357609069048;0.05212985228443834;0.04027825489522501;0.034352456200618345;0.03418069391961525;0.002576434215046376;0.011679835108210237;0.0033493644795602887;0.0005152868430092751;0.00025764342150463756;0.0007729302645139127;8.588114050154586e-05;0.0
Abcoude;0.2802867383512545;0.15143369175627241;0.23620071684587812;0.11200716845878136;0.05985663082437276;0.047311827956989246;0.07347670250896057;0.014336917562724014;0.007526881720430108;0.014157706093189963;0.0025089605734767025;0.00017921146953405018;0.00017921146953405018;0.0005376344086021505;0.0;0.0
Achtkarspelen;0.4199824715162139;0.12620508326029797;0.06952965235173825;0.17674554484370436;0.03651767455448437;0.041133508618171194;0.021034180543382998;0.07963774466841951;0.012445223488168273;0.013146362839614373;0.0017528483786152498;0.0;0.00040899795501022495;0.001343850423605025;0.00011685655857434999;0.0
Alblasserdam;0.2545764536970567;0.17309763101220388;0.10364321608040201;0.1662778176597272;0.029343144292893038;0.044687724335965545;0.027727925340990667;0.06380114860014358;0.11880832735104092;0.01301148600143575;0.003230437903804738;0.0013460157932519742;0.0003589375448671931;8.973438621679828e-05;0.0;0.0
Albrandswaard;0.25865650969529086;0.2759695290858726;0.18975069252077562;0.10630193905817174;0.031076869806094184;0.038434903047091414;0.043109418282548474;0.017486149584487534;0.012378808864265928;0.02146814404432133;0.0037222991689750693;0.0006059556786703601;0.0004328254847645429;0.00034626038781163435;0.0002596952908587258;0.0
Alkemade;0.4045892412598766;0.16863296893603205;0.17718367788721723;0.09232600930836671;0.04816538586427103;0.03799112458058231;0.04361943933326118;0.0027059205541725296;0.0015153155103366164;0.01915791752354151;0.0019482627990042212;0.00021647364433380236;0.00021647364433380236;0.001190605043835913;0.0005411841108345059;0.0
Alkmaar;0.20271531297458512;0.15656963021243114;0.15157447898560006;0.18372275995828224;0.10495306753517648;0.08874169761952683;0.06572374801017328;0.012368945895010338;0.0010429436627449546;0.023969406985892814;0.005562366201306424;0.0013539970358443269;0.0012076189779152105;0.0;0.0004940259455107679;0.0
Almelo;0.30761316872427985;0.15258958145137008;0.12584061025795443;0.20059219110709625;0.06416240088326809;0.05314664257753689;0.04145337749673793;0.026347485697079193;0.00331225534477567;0.015331727391347987;0.00501856870420556;0.0026347485697079194;0.00125464217605139;0.000627321088025695;7.527853056308341e-05;0.0
Almere;0.16156095232412435;0.2308013604630348;0.19427173459036937;0.1578853153529447;0.08150844322453607;0.05559997613222746;0.060636076138194404;0.018819738647890685;0.001169520854466257;0.02833104600513157;0.006861984605286712;0.0014081985798675338;0.0006921654036637031;0.0;0.0004534876782624262;0.0
Alphen aan den Rijn;0.27174222982606216;0.16664290466685677;0.19532363843741088;0.11671894306624846;0.06781674745746602;0.05253778157969775;0.06147229350822165;0.03390837372873301;0.012166143902670849;0.016372017869023855;0.002708867978329056;0.000879193992966448;0.000760383993916928;0.000736621994107024;0.000213857998289136;0.0
Alphen-Chaam;0.4346978557504873;0.16471734892787523;0.17365172189733594;0.07975958414554905;0.04223521767381416;0.04369720597790773;0.041423001949317736;0.002111760883690708;0.0003248862897985705;0.011533463287849252;0.0037361923326835605;0.0003248862897985705;0.0004873294346978557;0.0009746588693957114;0.0003248862897985705;0.0
Ambt Montfort;0.4292364990689013;0.19909993792675357;0.1111111111111111;0.10769708255741775;0.05291744258224705;0.03895096213531968;0.03476101800124146;0.0029484792054624456;0.00031036623215394165;0.01722532588454376;0.0032588454376163874;0.0015518311607697084;0.00015518311607697082;0.00015518311607697082;0.0006207324643078833;0.0
Ameland;0.3634274458305975;0.14543663821405123;0.16382140512147078;0.16480630334865398;0.05088640840446487;0.03381483913328956;0.038739330269205514;0.013788575180564675;0.0013131976362442547;0.017399868680236377;0.004596191726854892;0.0;0.0;0.0016414970453053185;0.00032829940906106366;0.0
Amerongen;0.2973148549155479;0.16717193590298832;0.16630576006929407;0.1043741879601559;0.03832828064097012;0.0346470333477696;0.04244261585101776;0.04374187960155912;0.0898657427457774;0.01126028583802512;0.0032481593763534;0.00021654395842355997;0.00043308791684711995;0.00064963187527068;0.0;0.0
Amersfoort;0.23734752483072952;0.13056880153858313;0.17947941091234818;0.148720921042232;0.09315804726400928;0.07051400268725136;0.059857206839318174;0.050873356693100086;0.009181442158231683;0.015175066522644045;0.002687251363384883;0.0012382432752851911;0.000592776036040783;0.0006059488368416893;0.0;0.0
Amstelveen;0.2212494281079732;0.1596098656573639;0.23318637441251092;0.14347211246516658;0.0751570103564447;0.05525516782431477;0.07669591981033981;0.010834754398369588;0.0019756270016220937;0.015389094538951046;0.006114045668177848;0.0;0.00035353325292184835;0.0005406979162334151;0.00016636858961028157;0.0
Amsterdam;0.10416322998499128;0.16546101112808795;0.14398366618440445;0.23419284178644348;0.13171707884311154;0.10831158646240382;0.07666346660897548;0.009537974769122598;0.0009519044850386035;0.013661992779588138;0.005981854320753952;0.002539313384804684;0.0014143353570317888;0.0006571386075692633;0.0007626052976729722;0.0
Andijk;0.3304625984251969;0.17888779527559054;0.15526574803149606;0.10752952755905512;0.05019685039370079;0.05142716535433071;0.03764763779527559;0.05265748031496063;0.012057086614173228;0.018700787401574805;0.003937007874015748;0.0004921259842519685;0.0004921259842519685;0.0;0.00024606299212598425;0.0
Angerlo;0.3702074167190446;0.12602137020741672;0.1599622878692646;0.1539912005028284;0.057510999371464484;0.0562539283469516;0.0502828409805154;0.003771213073538655;0.0015713387806411063;0.015399120050282841;0.0021998742928975488;0.001257071024512885;0.00031426775612822125;0.0009428032683846638;0.00031426775612822125;0.0
Anna Paulowna;0.302735994314817;0.1738718465000592;0.22728887836077225;0.11050574440364799;0.04370484424967429;0.03991472225512259;0.04631055312092858;0.011015042046665877;0.002487267558924553;0.030320975956413598;0.009001539737060287;0.0011844131232974062;0.0008290891863081842;0.0;0.0008290891863081842;0.0
Apeldoorn;0.2875929890002755;0.1390543204120128;0.16886378568552232;0.15549032490515652;0.07109552169213489;0.047495920140728655;0.0535998134921476;0.028463641565818196;0.026047517114214866;0.015641226713011044;0.003009558527435729;0.001737914079223449;0.001112688892185745;0.0005934340758323972;0.00020134370430027764;0.0
Appingedam;0.24521547569874708;0.14043783560512185;0.1090458488228005;0.2855569323970811;0.054660608563954285;0.052595346275643676;0.04846482169902244;0.03607324796915875;0.0020652622883106154;0.01872504474734958;0.004543577034283354;0.0016522098306484924;0.00013768415255404102;0.0006884207627702051;0.00013768415255404102;0.0
Arcen en Velden;0.510724106324473;0.1395050412465628;0.1250229147571036;0.0846929422548121;0.04912923923006416;0.03538038496791934;0.034097158570119156;0.002749770852428964;0.0009165902841429881;0.012832263978001834;0.00384967919340055;0.0007332722273143905;0.00018331805682859762;0.00018331805682859762;0.0;0.0
Arnhem;0.19690186246418337;0.15396029471960704;0.14602947196070407;0.19036532951289398;0.1200496316004912;0.08703438395415473;0.06512228817028244;0.015516270978305362;0.0014454564060581252;0.014224314367580843;0.0034153704461727385;0.002328080229226361;0.0029676627097830538;0.0004988743348342202;0.00014070814572247236;0.0
Assen;0.21529057109361915;0.10992016970914978;0.14310835705911906;0.23429911237648635;0.0851895271590465;0.06302685200692235;0.054234354937754706;0.07363367386814046;0.0038798637860771507;0.011890805560207671;0.0029308323563892145;0.0012002456316641545;0.0007257299168201864;0.0005303410930609055;0.00013956344554234354;0.0
Asten;0.4496684749849307;0.15430982519590114;0.13863773357444242;0.09121961020695198;0.05304400241109102;0.053546313039983924;0.03455897126783203;0.0014064697609001407;0.0004018485031143259;0.016676712879244524;0.0039180229053646775;0.0006027727546714888;0.0;0.001908780389793048;0.00010046212577858148;0.0
Axel;0.32419495213228894;0.18218740934145633;0.1312735712213519;0.13301421525964607;0.04569190600522193;0.03191180736872643;0.034667827096025526;0.07977951842181608;0.013635044966637656;0.0168262257035103;0.004786771105308964;0.0;0.0010153756890049319;0.000725268349289237;0.0002901073397156948;0.0
Baarle-Nassau;0.434903748733536;0.1955420466058764;0.14412360688956433;0.08611955420466058;0.041033434650455926;0.04305977710233029;0.03419452887537994;0.00303951367781155;0.0007598784194528875;0.011904761904761904;0.0035460992907801418;0.00025329280648429586;0.0007598784194528875;0.00025329280648429586;0.0005065856129685917;0.0
Baarn;0.2597376788553259;0.16077106518282988;0.20455749867514572;0.13089560148383678;0.06842872284048755;0.05537890832008479;0.05802861685214626;0.03351881293057764;0.007816640169581345;0.01523582405935347;0.0040408055113937465;0.0005961844197138314;0.000397456279809221;0.0005961844197138314;0.0;0.0
Barendrecht;0.2726553409355364;0.23867814754479869;0.165790086106586;0.09611356760530602;0.03919013265068653;0.038212706539446126;0.04598557132883407;0.03444263439609029;0.049150570165231555;0.015778450081452174;0.0022806609262276006;0.000605073306958343;0.00046544100535257155;0.0004188969048173144;0.00023272050267628578;0.0
Barneveld;0.3749005568814638;0.1237735348713869;0.09947626624237603;0.057279236276849645;0.023137098912755238;0.02028639618138425;0.018993635640413682;0.08631662688941925;0.18194775921506232;0.010839299920445505;0.0018894192521877486;0.0005635110050384514;0.0001988862370723946;0.00026518164942985947;0.00013259082471492973;0.0
Bathmen;0.32158836689038034;0.10067114093959731;0.24720357941834453;0.1644295302013423;0.05564876957494407;0.0366331096196868;0.05229306487695749;0.003355704697986577;0.0002796420581655481;0.013982102908277404;0.002796420581655481;0.0005592841163310962;0.0;0.0002796420581655481;0.0002796420581655481;0.0
Bedum;0.3759898190045249;0.08781108597285067;0.09205316742081449;0.1600678733031674;0.05542986425339366;0.041289592760180995;0.04638009049773756;0.11891968325791855;0.008201357466063349;0.011453619909502262;0.0012726244343891403;0.0002828054298642534;0.0004242081447963801;0.0002828054298642534;0.0001414027149321267;0.0
Beek;0.39589874411302983;0.17994505494505494;0.1401098901098901;0.11126373626373626;0.0603414442700157;0.04228806907378336;0.044152276295133436;0.003237833594976452;0.00019623233908948196;0.016287284144427;0.002845368916797488;0.0022566718995290424;0.0004905808477237048;0.0002943485086342229;0.0003924646781789639;0.0
Beemster;0.2541277817659727;0.1667264895908112;0.24228284278535533;0.1509332376166547;0.051148600143575015;0.049174443646805455;0.05437903804737976;0.00466618808327351;0.0005384063173007897;0.018485283560660447;0.006460875807609476;0.0005384063173007897;0.0;0.0;0.0005384063173007897;0.0
Beesel;0.37124376768629563;0.20886672955127342;0.13906481606252527;0.11144050667026008;0.058078426088128285;0.03907829133539954;0.04150384045276917;0.0021560436598841125;0.0008085163724565423;0.020617167497641826;0.004042581862282711;0.0014822800161703275;0.00026950545748551406;0.00040425818622827114;0.0009432691011992993;0.0
Bellingwedde;0.1565232598810773;0.18450507170339278;0.1287163343826513;0.3179433368310598;0.07030430220356768;0.05981112277019937;0.03812521860790486;0.015215110178384051;0.0027981811822315496;0.020461699895068207;0.004547044421126268;0.0;0.0003497726477789437;0.0006995452955578874;0.0;0.0
Bemmel;0.35890842097182774;0.14105319720580334;0.15962999923236354;0.13855837875182314;0.061449297612650645;0.04824595071774008;0.06010593382973824;0.004720964151377908;0.0008444000921163737;0.02153220234896753;0.0033392185460965687;0.0006141091579028172;0.0001535272894757043;0.0006141091579028172;0.00023029093421355647;0.0
Bennebroek;0.3259361997226075;0.13980582524271845;0.27212205270457696;0.09292649098474341;0.0507628294036061;0.03522884882108183;0.06352288488210818;0.007212205270457697;0.001664355062413315;0.008321775312066574;0.002219140083217753;0.0;0.0;0.0;0.00027739251040221914;0.0
Bergambacht;0.24397940541438298;0.15495764823119082;0.17272878259425345;0.15794718485301446;0.026241488124896198;0.031556219897027074;0.03869789071582794;0.04600564690250789;0.10845374522504567;0.017106792891546256;0.0013286829430327188;0.0;0.0003321707357581797;0.0003321707357581797;0.0003321707357581797;0.0
Bergeijk;0.437383010963544;0.16864248150459044;0.15268740529458955;0.09501738122827347;0.04447811747927623;0.0452803280149746;0.029770924324806134;0.0038327836705588734;0.0005348070237989126;0.01461805865050361;0.005348070237989126;0.0005348070237989126;8.913450396648542e-05;0.0014261520634637668;0.0003565380158659417;0.0
Bergen;0.4314580031695721;0.17828843106180667;0.1211040676175383;0.12638668779714737;0.040147913365029056;0.045298468040147914;0.03301637612255679;0.0011885895404120444;0.0005282620179609086;0.015583729529846805;0.004358161648177496;0.0011885895404120444;0.0002641310089804543;0.0010565240359218173;0.00013206550449022716;0.0
Bergen;0.23422404448843018;0.18214807483858805;0.21631556623780573;0.1340308214336208;0.07488571563221641;0.0608888260521231;0.06338658749234177;0.004712757434374853;0.0008011687638437249;0.021914322069843065;0.0056081813469060745;0.0005655308921249824;0.0003298930204062397;0.0;0.00018851029737499412;0.0
Bergen op Zoom;0.2606225158148127;0.2099591334042434;0.20553658400044786;0.12604265800817332;0.06054414152158092;0.05360241840676258;0.05195096008509209;0.006101998544477411;0.0010636511224318423;0.017214353691989027;0.0033588982813637126;0.0013155684935341207;0.0015954766836477636;0.0008397245703409282;0.00025191737110227846;0.0
Bergh;0.4054301124417223;0.1681140872108968;0.14452875034281013;0.13803821190236767;0.045525185117469606;0.038486150470792575;0.037571990127068286;0.002651064996800439;0.001371240515586434;0.012432580674650334;0.0034738093061522993;9.141603437242893e-05;0.0003656641374897157;0.001371240515586434;0.0005484962062345736;0.0
Bergschenhoek;0.3107965843958358;0.24178266463913908;0.20247982220142707;0.07556439349631536;0.03017896830038601;0.029243186337583344;0.044098724997075685;0.03766522400280735;0.005380746286115335;0.01953444847350567;0.002807345888408001;0.0003509182360510001;0.0;0.00011697274535033338;0.0;0.0
Berkel en Rodenrijs;0.3505107205300451;0.20714088524891874;0.1590135271924174;0.07840250299070581;0.03929327321247814;0.033035796447961716;0.03736081715284807;0.07021257016655931;0.008834084844023189;0.012975062114659059;0.002300542928131039;0.00027606515137572465;9.202171712524156e-05;0.00027606515137572465;0.00027606515137572465;0.0
Bernheze;0.43909597886703844;0.12515409451130027;0.13642500733783386;0.09251540945113003;0.050249486351629;0.0970942177869093;0.03927208687995304;0.0014675667742882301;0.0006457293806868212;0.01391253302025242;0.001702377458174347;0.0007044320516583504;0.000293513354857646;0.0014675667742882301;0.0;0.0
Bernisse;0.2833496812162825;0.2346738597351643;0.19188327611574302;0.11929867582148111;0.02856792545365375;0.03653751839136832;0.04941147621383031;0.015939185875429134;0.013854830799411477;0.022560078469838155;0.002697400686611084;0.0002452182442373713;0.0007356547327121138;0.0002452182442373713;0.0;0.0
Best;0.34146341463414637;0.17127911927498327;0.1782130040751779;0.10844839121707925;0.05705249072440849;0.05443707803661578;0.05200413600145976;0.01374612249863147;0.0014597652210936074;0.014171887354783773;0.0036494130527340188;0.0008515297123046044;0.0009731768140624049;0.0020680007298826105;0.00018247065263670093;0.0
Beuningen;0.30181695827725435;0.15720053835800807;0.17624495289367428;0.14407806191117092;0.07550471063257067;0.06413189771197847;0.05430686406460296;0.0050471063257065945;0.0010767160161507402;0.012987886944818304;0.004845222072678331;0.0011440107671601616;0.00026917900403768504;0.0013458950201884253;0.0;0.0
Beverwijk;0.2406323737612081;0.21146767343086362;0.14223690420009438;0.16682397357243983;0.07951864086833411;0.06762623879188297;0.04728645587541293;0.0066068900424728644;0.001368570080226522;0.025294950448324683;0.00825861255309108;0.0;0.0011798017932987258;0.0008494572911750826;0.0008494572911750826;0.0
Binnenmaas;0.26777288455489145;0.23183391003460208;0.16789871028625353;0.1277131173324945;0.034287511796162316;0.036174897766593266;0.04254482541679774;0.017222396980182447;0.05441962881409248;0.01620006291286568;0.0029883611198490093;0.00023592324630386914;0.0003932054105064486;0.00015728216420257942;0.00015728216420257942;0.0
Bladel;0.4422476586888658;0.15053763440860216;0.13926465487339576;0.09391259105098855;0.04968782518210198;0.05020811654526535;0.03902185223725286;0.002167880679847381;0.0005202913631633715;0.02428026361429067;0.00346860908775581;0.0008671522719389525;0.000346860908775581;0.00346860908775581;0.0;0.0
Blaricum;0.24600341455843552;0.16979667856588546;0.28651249417972996;0.101195095452429;0.05246003414558435;0.04904547571007295;0.0712401055408971;0.00853639608877852;0.0017072792177557038;0.009467639298463448;0.002948936830668943;0.0;0.0;0.0007760360080707744;0.0003104144032283098;0.0
Bleiswijk;0.341817060003085;0.21548665741169212;0.19080672528150547;0.07990128027147925;0.03054141601110597;0.027764923646459973;0.03809964522597563;0.04103038716643529;0.015733456732993985;0.015733456732993985;0.0016967453339503317;0.00046274872744099955;0.00030849915162733303;0.0006169983032546661;0.0;0.0
Bloemendaal;0.24214466010967012;0.14378971189833753;0.321263817564627;0.10079206197232135;0.06014448603011576;0.03568630864304988;0.07528940725911741;0.006615023065540952;0.0019148750979197493;0.008442858386282531;0.0033945513099486466;0.0;8.703977717817043e-05;0.0003481591087126817;8.703977717817043e-05;0.0
Boarnsterhim;0.2253280091272105;0.09933990709803601;0.1852334773042132;0.2707195827560916;0.07986309184255562;0.0519925026485209;0.057452530356124194;0.007497351479097058;0.0030152391818107733;0.016054111319370873;0.0025262814766522698;0.0;0.00032597180343900254;0.0005704506560182544;8.149295085975064e-05;0.0
Bodegraven;0.34584880188997635;0.17212284846439418;0.15381370232872088;0.09247384407694904;0.0417651029362133;0.03138710766115423;0.03670266621667229;0.053746203172460344;0.055264934188322644;0.011727978400269996;0.004303071211609855;0.0002531218359770503;0.00016874789065136686;0.0002531218359770503;0.00016874789065136686;0.0
Boekel;0.4844919786096257;0.16684491978609625;0.09946524064171124;0.08110516934046345;0.041176470588235294;0.0679144385026738;0.03582887700534759;0.0017825311942959;0.0;0.012121212121212121;0.006951871657754011;0.0;0.00035650623885918;0.0017825311942959;0.00017825311942959;0.0
Bolsward;0.4016209691326091;0.12088291084669771;0.121227797896189;0.1546818416968443;0.06518365235385411;0.05776858078979134;0.034316261424383515;0.01965856182100362;0.0027590963959303327;0.016554578375581996;0.00327642697016727;0.0;0.0015519917227108122;0.0005173305742369374;0.0;0.0
Borculo;0.2819940476190476;0.09925595238095238;0.2638392857142857;0.20282738095238095;0.0494047619047619;0.045089285714285714;0.034375;0.007738095238095238;0.0010416666666666667;0.009970238095238095;0.002232142857142857;0.000744047619047619;0.00014880952380952382;0.000744047619047619;0.0005952380952380953;0.0
Borger-Odoorn;0.22000860849781714;0.13152554879173584;0.17118612802066038;0.2695689602164422;0.0549714074893931;0.04992928733935928;0.05324970792596692;0.02846953206665437;0.0020291459140380002;0.014634446289122548;0.0030129742359958187;0.00036893562073418186;6.148927012236365e-05;0.0008608497817130911;0.0001229785402447273;0.0
Borne;0.42467028704422033;0.10659425911559349;0.13894491854150504;0.15647788983708302;0.05112490302560124;0.047711404189294024;0.04724592707525213;0.008688906128782002;0.0012412723041117144;0.013110938712179984;0.0027152831652443757;0.0007757951900698216;0.0005430566330488751;7.757951900698215e-05;7.757951900698215e-05;0.0
Borsele;0.3675771971496437;0.1301959619952494;0.11601840855106889;0.09701603325415677;0.04401722090261283;0.03629750593824228;0.03251187648456057;0.02575712589073634;0.13405581947743467;0.011802256532066508;0.0037856294536817102;0.0;0.0002969121140142518;0.0005195961995249406;0.0001484560570071259;0.0
Boskoop;0.34166406331354787;0.18056857232114965;0.17463292721024679;0.07882953243777986;0.05539935436842653;0.033114651671352704;0.04498594189315839;0.03467666354264293;0.034884931792148285;0.01645319171092367;0.002707487243569718;0.0007289388732687702;0.0002082682495053629;0.0010413412475268145;0.00010413412475268145;0.0
Boxmeer;0.39985538684020244;0.1421102397241226;0.12909505534234383;0.10762556315701652;0.05651037321319317;0.1005061460592914;0.04316146615495856;0.0031147449802547415;0.0008343066911396629;0.011569052783803326;0.0036709494410145167;0.0010011680293675956;0.0003893431225318427;0.0005005840146837978;5.562044607597753e-05;0.0
Boxtel;0.3246630965691755;0.15835932442770553;0.13905725887129994;0.13205437533101866;0.07744365326899312;0.08056258459365621;0.06214323544989113;0.0042958865415170955;0.0006473253692696993;0.013240746189607485;0.004178191019831696;0.0013534984993820985;0.0007650208909550991;0.0011769552168539987;5.884776084269993e-05;0.0
Breda;0.26681736274750234;0.16423384904091184;0.18564406580869416;0.1309669783658716;0.08360433748813802;0.06979645366628637;0.06739740049260559;0.005501828611641273;0.0010129335622207768;0.017187883182104128;0.003539936238497873;0.00142876944565878;0.0017273182850501669;0.0009809461865716996;0.00015993687824538582;0.0
Breukelen;0.3120659722222222;0.1404079861111111;0.1974826388888889;0.09071180555555555;0.057074652777777776;0.0380859375;0.05544704861111111;0.036783854166666664;0.053059895833333336;0.013129340277777778;0.004557291666666667;0.0007595486111111111;0.00010850694444444444;0.0003255208333333333;0.0;0.0
Brielle;0.2213090695626651;0.23441933274630664;0.22062420506799726;0.13834262792290383;0.041385383034928086;0.05077781039037276;0.052147539379708445;0.008414049505919187;0.0028372957636239116;0.023285392818706584;0.005283240387437629;0.000587026709715292;0.00019567556990509734;0.000293513354857646;9.783778495254867e-05;0.0
Brummen;0.2667956253254966;0.14262331671750614;0.17654936388661557;0.22319767874414106;0.05862659028346105;0.04843389628747861;0.05066587307492002;0.008109515661037126;0.00349676363365821;0.016367829774570346;0.0029015698236738337;0.0011159883937207054;0.00022319767874414106;0.0008927907149765642;0.0;0.0
Brunssum;0.3219366261676537;0.20819341840161182;0.09518285609622076;0.15312290127602418;0.055925270163013616;0.09774711520849869;0.030587947982172292;0.01208865010073875;0.0004884303071005556;0.017095060748519447;0.003541119726479028;0.0023810977471152087;0.0002442151535502778;0.0011600219793638194;0.00030526894193784725;0.0
Bunnik;0.3292158968850698;0.11632653061224489;0.18238453276047262;0.11922663802363051;0.09129967776584318;0.052524167561761544;0.0715359828141783;0.010848549946294308;0.012137486573576798;0.011922663802363051;0.0018259935553168636;0.0004296455424274973;0.00032223415682062297;0.0;0.0;0.0
Bunschoten;0.4265244918360547;0.12587470843052315;0.04931689436854382;0.02890703098967011;0.01307897367544152;0.013578807064311896;0.01016327890703099;0.2978173942019327;0.02465844718427191;0.0074141952682439186;0.0008330556481172943;0.0003332222592469177;0.0010829723425524824;0.00041652782405864714;0.0;0.0
Buren;0.22766730283814565;0.19454534260912393;0.20538077941267008;0.17349011882041496;0.03817028873976482;0.03632333928461491;0.04451148186911285;0.016376285168995874;0.04266453241396294;0.01717662993289417;0.002031644400664902;0.0004309548728683125;0.0003078249091916518;0.0009234747275749553;0.0;0.0
Bussum;0.23757298806803756;0.14810865701954812;0.2458999746128459;0.1329271388677329;0.07047473978167047;0.05564864178725565;0.0728103579588728;0.013201320132013201;0.00390962173140391;0.010814927646610815;0.007362274689007363;0.0;0.0002538715410002539;0.0008123889312008124;0.0002030972328002031;0.0
Capelle aan den IJssel;0.2065437057123123;0.2584482361668926;0.14852523598782327;0.14126013660433348;0.04701849530582487;0.04405106034637129;0.047453378015399963;0.0317208564631245;0.05085569568442864;0.01890460719858791;0.0029674349594535827;0.0008186027474354711;0.0006651147322913202;0.0005372080530045279;0.00023023202271622625;0.0
Castricum;0.2813475268265572;0.1429182164080202;0.20076097644393143;0.13030652815185328;0.0841776751742123;0.059082553118720876;0.06613654824505151;0.006369971356504639;0.0007267752554401266;0.022316275490573297;0.004488905989483135;0.0008122782266683767;0.00012825445684237527;0.0;0.0004275148561412509;0.0
Coevorden;0.2849682618286589;0.12141538738576509;0.17827398370323685;0.2442263539368838;0.051951559897357405;0.039076216629901406;0.043398010174222304;0.015576464232656552;0.0033313825237473553;0.013370548777742764;0.0029262143789672715;0.0007202989240534822;0.0001350560482600279;0.0004501868275334264;0.00018007473101337056;0.0
Cranendonck;0.4084041938413275;0.19829934780814001;0.14521588376124825;0.10542392470899034;0.038140840419384134;0.043754643771154955;0.03516882688021134;0.0027243457442417238;0.0005778915215058202;0.014942623627507636;0.0047882440353339386;0.0007430033847931974;8.25559316436886e-05;0.001238338974655329;0.0004953355898621316;0.0
Cromstrijen;0.26737520898017675;0.2130403630284213;0.1689754000477669;0.1358968235013136;0.03140673513255314;0.042870790542154286;0.04370671124910437;0.018032003821351804;0.05743969429185575;0.014807738237401481;0.004776689754000477;0.0007165034631000717;0.0002388344877000239;0.00035825173155003585;0.00035825173155003585;0.0
Cuijk;0.33547099900242267;0.16709419980048454;0.1393758016246259;0.132464015961237;0.0758158757303691;0.07025794499073679;0.053655408294142795;0.0019951546244833976;0.0005700441784238278;0.015106170728231437;0.005130397605814451;0.0010688328345446773;0.0010688328345446773;0.0007838107453327633;0.00014251104460595695;0.0
Culemborg;0.2343854041816487;0.18744173658276733;0.16686642695432147;0.1574111066719936;0.08403249434012518;0.07344519909442003;0.053535757091490214;0.013051005460114529;0.008389932081502197;0.016779864163004393;0.002263949926754561;0.0004661073378612332;0.0006658676255160474;0.00126514848848049;0.0;0.0
Dalfsen;0.48686179445741307;0.08337822469623511;0.11192913150176573;0.10253187286766026;0.03812773089124319;0.026156700784102472;0.0315436643323158;0.08738851978212725;0.017537559106961153;0.011492188902855091;0.001616089064463997;0.0004189860537499252;0.00023942060214281438;0.000598551505357036;0.0001795654516071108;0.0
Dantumadeel;0.42278459868036417;0.11525933350037584;0.06230685709513071;0.15476488766391047;0.041343021799047856;0.03616470391714691;0.02463877056710933;0.07959575712018709;0.048442328572621735;0.011609454606197276;0.0016704251231938528;0.0;0.0004176062807984632;0.0009187338177566191;8.352125615969264e-05;0.0
De Bilt;0.24171104011359604;0.14384096556620518;0.21735889243876463;0.11945331913383031;0.0767128150514732;0.05757898473553426;0.07380191693290734;0.02406815761448349;0.02921547745828896;0.012318068867589634;0.003159389421370252;0.00028399006034788784;0.00010649627263045793;0.00039048633297834574;0.0;0.0
De Lier;0.4870921985815603;0.2124822695035461;0.15120567375886526;0.04340425531914894;0.019148936170212766;0.018865248226950355;0.02595744680851064;0.02028368794326241;0.0024113475177304964;0.015602836879432624;0.001276595744680851;0.000851063829787234;0.0005673758865248227;0.0005673758865248227;0.00028368794326241134;0.0
De Marne;0.27474747474747474;0.1191919191919192;0.12481962481962482;0.21356421356421357;0.06233766233766234;0.0608946608946609;0.032756132756132754;0.08701298701298701;0.004617604617604618;0.015151515151515152;0.002886002886002886;0.00101010101010101;0.0004329004329004329;0.0002886002886002886;0.0002886002886002886;0.0
De Ronde Venen;0.3313048729502485;0.18688159056069123;0.21071212895433641;0.08092163329771915;0.03781297904956566;0.040321456775212525;0.04677846425419241;0.02685000232266456;0.01625865192548892;0.016165745343057557;0.003762716588470293;0.0010684256979607005;0.00023226645607841314;0.0009290658243136526;0.0;0.0
De Wolden;0.29089714097929675;0.10903713440683536;0.2261583963194216;0.18830101873151495;0.04896483733158068;0.040749260598093986;0.042458100558659215;0.027604337824515282;0.003943476832073612;0.015708182714426554;0.004074926059809398;0.0010515938218862964;0.00013144922773578705;0.0007886953664147223;0.00013144922773578705;0.0
Delft;0.20836309220147603;0.17289052137536987;0.155477332245009;0.1722443288099854;0.10393497262184132;0.07033295922184811;0.07232255212053192;0.01875658946366017;0.005832738155970479;0.012957861442709927;0.002618780396558174;0.001275380063258851;0.002329694248886168;0.0005101520253035404;0.00015304560759106213;0.0
Delfzijl;0.257534412709963;0.15493299375416894;0.12340064277484689;0.2546237341580256;0.05275604875386575;0.050027287611424415;0.038809047359165606;0.03814201685767995;0.002061730640955673;0.01995027590807107;0.0049724091928930935;0.0012734218664726214;0.0006670305014856589;0.0006670305014856589;0.00018191740949608878;0.0
Den Helder;0.22579091538484694;0.2066162969206225;0.2011077330604136;0.13479425664489328;0.05794527557870022;0.0464164233466783;0.05126275548598778;0.027753529394057976;0.005418259534631709;0.026308660184822853;0.010505403208813702;0.0041841004184100415;0.001234159116221667;0.0;0.0006622317208994311;0.0
Denekamp;0.6343097722960152;0.09262333965844402;0.10205170777988615;0.07400379506641366;0.029293168880455408;0.024252846299810248;0.027336337760910816;0.002787001897533207;0.0003557874762808349;0.010139943074003795;0.001838235294117647;0.0004743833017077799;0.00017789373814041745;0.00023719165085388995;0.00011859582542694497;0.0
Deurne;0.42435821538130347;0.17243420698563047;0.12991765782250686;0.09864915774177924;0.05467951132877671;0.05704752166191271;0.03686561541359453;0.0021527366664872718;0.0008610946665949088;0.016629890748614175;0.003498197083041817;0.0009687314999192723;0.00037672891663527257;0.001345460416554545;0.0002152736666487272;0.0
Deventer;0.228310502283105;0.11910534610255788;0.15266496949125147;0.22661332686790317;0.10181032044288196;0.06703842890047279;0.06299753505475411;0.0170525720289328;0.0015557441306016891;0.01662827817513234;0.0031114882612033783;0.0014547217844587223;0.0009698145229724816;0.0004647027922576474;0.000222249161514527;0.0
Didam;0.41510538641686184;0.16910616705698672;0.12382903981264637;0.14773614363778298;0.04918032786885246;0.04059328649492584;0.035421545667447304;0.00195160031225605;0.00078064012490242;0.011807181889149101;0.00273224043715847;0.0008782201405152225;0.00039032006245121;0.00039032006245121;9.75800156128025e-05;0.0
Diemen;0.16328147507922788;0.21881302218380871;0.18676174013252664;0.16976375684240852;0.07872371074618266;0.0712330740420628;0.06431864016133679;0.010299625468164793;0.0012964563526361278;0.02362431575914722;0.010587726879861712;0.0;0.000432152117545376;0.0005041774704696053;0.0003601267646211466;0.0
Dinxperlo;0.48650345260514755;0.11362209667294414;0.10253191044151497;0.14793889935132873;0.043523749738439005;0.03682778824021762;0.031178070726093327;0.021343377275580666;0.001464741577735928;0.011717932621887424;0.002301736765013601;0.0006277463904582549;0.0002092487968194183;0.0;0.0002092487968194183;0.0
Dirksland;0.24828636709824828;0.17802741812642803;0.10186595582635187;0.11576542269611577;0.021325209444021324;0.031607006854531605;0.02798933739527799;0.05502665651180503;0.19992383853769993;0.015232292460015232;0.003427265803503427;0.0001904036557501904;0.0003808073115003808;0.0005712109672505713;0.0003808073115003808;0.0
Doesburg;0.23435619735258725;0.154632972322503;0.14139590854392298;0.19720216606498195;0.05595667870036101;0.12560168471720817;0.05249699157641396;0.016395908543922984;0.0024067388688327317;0.01128158844765343;0.004512635379061372;0.0018050541516245488;0.0009025270758122744;0.0007521058965102287;0.00030084235860409147;0.0
Doetinchem;0.2860786917324761;0.13627786707666503;0.15455307848207422;0.18355580403941577;0.07998462506115032;0.061814242784261654;0.05178558948913271;0.0175414075057656;0.008910475924243483;0.014326647564469915;0.0031099308127751765;0.0006988608568034105;0.0008386330281640926;0.0004542595569222168;6.988608568034104e-05;0.0
Dongen;0.3333792723263506;0.15538864388092613;0.15566427783902978;0.12782524807056228;0.06167309812568909;0.08523980154355017;0.051474641675854464;0.007442116868798236;0.002342888643880926;0.013988423373759646;0.002342888643880926;0.0009647188533627343;0.0013092613009922822;0.0005512679162072767;0.00041345093715545756;0.0
Dongeradeel;0.5226827036213885;0.10530788338344882;0.0685710550398745;0.11962348019348934;0.04477709504510394;0.04118185383710289;0.024382272192443457;0.05451693031768859;0.006536802196365538;0.009412995162766375;0.0024186168126552493;0.0;0.00013073604392731077;0.00026147208785462153;0.00019610406589096614;0.0
Doorn;0.28697370421036633;0.1410548715610275;0.23559811521507829;0.09986320109439124;0.07888736890104879;0.03815169478644171;0.055175558595531235;0.01975984192126463;0.02918376652986776;0.0103359173126615;0.0027359781121751026;0.0009119927040583675;0.0003039975680194558;0.0010639914880680955;0.0;0.0
Dordrecht;0.2108190625897432;0.22076449872281254;0.13985580629071506;0.16679010293072957;0.06293738002750865;0.059068031015250676;0.04888076056891522;0.03308595698372153;0.024591526730248937;0.018243376007013194;0.006786475416030592;0.002781094602560421;0.004292559060473693;0.0006650443614818397;0.0004383246927948489;0.0
Drechterland;0.35130434782608694;0.1781818181818182;0.178498023715415;0.10197628458498023;0.057707509881422925;0.04521739130434783;0.045691699604743084;0.005849802371541502;0.0004743083003952569;0.027984189723320157;0.005059288537549407;0.0007905138339920949;0.0012648221343873518;0.0;0.0;0.0
Driebergen-Rijsenburg;0.2665477100858187;0.13467584331718924;0.18327810349222534;0.12048602260175036;0.10638117087263149;0.05276574050471578;0.05777891069759538;0.03075877304783754;0.02888945534879769;0.013849944770158893;0.002803976548559776;0.0007647208768799389;0.0003398759452799728;0.0006797518905599456;0.0;0.0
Drimmelen;0.3295908183632735;0.1661676646706587;0.17383982035928144;0.12855538922155688;0.05089820359281437;0.0593812375249501;0.057073353293413176;0.004553393213572854;0.001309880239520958;0.022704590818363273;0.003243512974051896;0.000873253493013972;0.00037425149700598805;0.0013722554890219561;6.2375249500998e-05;0.0
Dronten;0.35474938990050686;0.15135160503097428;0.18866153557349352;0.10160503097428196;0.051764595457105315;0.032945372629998124;0.04078280458043927;0.052515487140979915;0.005913272010512484;0.015674863900882297;0.002956636005256242;0.0007508916838746011;0.00023465365121081285;0.0;9.386146048432514e-05;0.0
Druten;0.3249128919860627;0.16037553232675184;0.15805265195509097;0.16415021293070073;0.05845915602013163;0.05749128919860627;0.05168408826945412;0.002129307007355788;0.0012582268679829655;0.01645373596593109;0.0027100271002710027;0.001064653503677894;0.0009678668215253581;0.00029036004645760743;0.0;0.0
Duiven;0.3160445317616241;0.15566470203012442;0.18179436804191224;0.13569089718402097;0.07079240340537;0.05055664702030124;0.05546823837590046;0.011198428290766208;0.00137524557956778;0.015062213490504257;0.004060248853962017;0.0015062213490504256;0.0001309757694826457;0.00045841519318926;0.00019646365422396856;0.0
Echt;0.40168615719336415;0.1931828483365062;0.10388903997824313;0.11875623243586257;0.0699845888858671;0.04550811349832291;0.03336052941709727;0.0027196083763937995;0.0009065361254645998;0.020940984498232253;0.006255099265705739;0.0015411114132898196;0.00018130722509291996;0.0008158825129181398;0.0002719608376393799;0.0
Edam-Volendam;0.3569708172295973;0.3109841483224108;0.12070800425698762;0.07959446591609254;0.03528818685935137;0.03629642076961855;0.02795048451240688;0.005265221531395283;0.00028006497507421723;0.022181146025878003;0.003136727720831233;0.000504116955133591;0.0003360779700890607;0.0;0.000504116955133591;0.0
Ede;0.32291781101398326;0.13071454354274234;0.13718043283792902;0.09240571885936691;0.05340636230951522;0.0328316514697343;0.0373985781321113;0.07198794708014877;0.10367394340777476;0.012241246723897111;0.002212840753935247;0.0017577174783031748;0.0006434501483074122;0.0004708171816883504;0.00015693906056278348;0.0
Eemnes;0.289559839941797;0.1596944343397599;0.21244088759548926;0.11004001455074573;0.05674790833030193;0.054929065114587124;0.06365951255001819;0.02364496180429247;0.007821025827573663;0.014550745725718442;0.004001455074572572;0.0012731902510003637;0.0007275372862859222;0.0009094216078574026;0.0;0.0
Eemsmond;0.28154024767801855;0.11397058823529412;0.10265092879256967;0.24138931888544893;0.052921826625387;0.05485681114551084;0.03154024767801858;0.09462074303405572;0.005417956656346749;0.01741486068111455;0.0015479876160990713;0.0005804953560371517;0.0003869969040247678;0.0005804953560371517;0.0005804953560371517;0.0
Eersel;0.4539882750044413;0.140611120980636;0.15029312488896784;0.08624977793569018;0.05214069994670457;0.04672233078699591;0.042369870314443066;0.004707763368271452;0.00044412861964825015;0.017676319062000356;0.003286551785397051;0.0002664771717889501;0.0002664771717889501;0.0007994315153668503;0.00017765144785930004;0.0
Eibergen;0.45871386875058845;0.1001788908765653;0.11317201770078147;0.16721589304208642;0.051595894925148295;0.05376141606251766;0.03398926654740608;0.004331042274738725;0.0008473778363619244;0.012239902080783354;0.0021655211373693625;0.00047076546464551363;0.000659071650503719;0.00047076546464551363;0.00018830618585820544;0.0
Eijsden;0.4346437005139603;0.15266009167939992;0.12710098624809002;0.1264064453396305;0.06806500902903181;0.03458813724128351;0.038338658146964855;0.002361439088762328;0.0006945409084595083;0.011112654535352132;0.0029170718155299346;0.0006945409084595083;0.00013890818169190166;0.0002778163633838033;0.0;0.0
Eindhoven;0.2527464946622286;0.17712088025800665;0.1500181087560147;0.14351620302502457;0.085680285600952;0.08623217149854268;0.06239759929634548;0.01036510701412483;0.0011037717951813463;0.01761723263715227;0.006165600262145801;0.0016125416070227481;0.001991963161616336;0.0030784885224979736;0.00035355190314402497;0.0
Elburg;0.3739766081871345;0.09846491228070176;0.10328947368421053;0.07251461988304093;0.02682748538011696;0.02280701754385965;0.020760233918128656;0.12850877192982457;0.14057017543859648;0.009064327485380117;0.0017543859649122807;0.0009502923976608187;7.309941520467836e-05;0.0002192982456140351;0.0002192982456140351;0.0
